0.5714285714285714
0.803921568627451
0.8184143222506394
1.0
0.8947368421052632
0.8991596638655462
1.0
0.8
1.0
0.9696969696969697
0.6666666666666666
0.8571428571428571
0.8311111111111111
0.9705882352941176
0.96875
0.9666666666666667
0.8588235294117647
0.9696969696969697
0.8548387096774194
0.9696969696969697
0.9411764705882353
0.7727272727272727
0.8478260869565217
0.7126436781609196
0.8089887640449438
1.0
0.776595744680851
0.712143928035982
0.9558823529411765
0.7674418604651163
0.8568075117370892
0.9714285714285714
0.9714285714285714
0.9714285714285714
0.9230769230769231
0.9393939393939394
0.6331521739130435
0.810838445807771
0.7355769230769231
0.9391304347826087
0.9705882352941176
0.96875
0.7807228915662651
0.8505639097744361
0.8157894736842105
0.7837837837837838
1.0
0.8213903743315508
0.816711590296496
0.9393939393939394
0.6928374655647382
0.897489539748954
0.8362573099415205
0.8230088495575221
0.7226890756302521
0.8484848484848485
0.6875
0.768595041322314
1.0
0.8565022421524664
0.949671772428884
0.8421052631578947
0.8397565922920892
0.9320987654320988
0.8738738738738738
1.0
Avg: 0.8642059502382771
