0.5
0.5098039215686274
0.6879795396419437
0.8571428571428571
0.8026315789473685
0.8319327731092437
0.9090909090909091
0.8
0.875
0.9696969696969697
0.6666666666666666
0.8095238095238095
0.6533333333333333
0.9411764705882353
0.96875
0.9666666666666667
0.8588235294117647
0.9696969696969697
0.6935483870967742
0.9696969696969697
0.6323529411764706
0.5454545454545454
0.6521739130434783
0.4482758620689655
0.7134831460674157
0.9024390243902439
0.6662234042553191
0.5757121439280359
0.9264705882352942
0.7131782945736435
0.7370892018779343
0.9714285714285714
0.9714285714285714
0.9714285714285714
0.8717948717948718
0.9393939393939394
0.4076086956521739
0.5715746421267893
0.5961538461538461
0.9043478260869565
0.9411764705882353
0.96875
0.5445783132530121
0.7515664160401002
0.7105263157894737
0.6756756756756757
0.8888888888888888
0.6962566844919786
0.6981132075471698
0.9393939393939394
0.453168044077135
0.799163179916318
0.7017543859649122
0.672566371681416
0.5630252100840336
0.7676767676767676
0.5416666666666666
0.6363636363636364
0.9333333333333333
0.7354260089686099
0.8227571115973742
0.706766917293233
0.8012170385395537
0.7962962962962963
0.7477477477477478
1.0
Avg: 0.7644398269745492
