0.5714285714285714
0.5294117647058824
0.7698209718670077
1.0
0.881578947368421
0.8907563025210085
0.9090909090909091
0.75
0.9166666666666666
0.9696969696969697
0.6666666666666666
0.7619047619047619
0.7555555555555555
0.9705882352941176
0.96875
0.9666666666666667
0.8588235294117647
0.9696969696969697
0.8064516129032258
0.9696969696969697
0.6617647058823529
0.7272727272727273
0.7608695652173914
0.4482758620689655
0.7640449438202247
1.0
0.7340425531914894
0.6529235382308846
0.9558823529411765
0.7596899224806202
0.8075117370892019
0.9714285714285714
0.9714285714285714
0.9714285714285714
0.8717948717948718
0.9393939393939394
0.5163043478260869
0.7014314928425358
0.6923076923076923
0.9217391304347826
0.9705882352941176
0.96875
0.691566265060241
0.8245614035087719
0.8
0.7702702702702703
0.8888888888888888
0.7550802139037434
0.7811320754716982
0.9393939393939394
0.5702479338842975
0.8744769874476988
0.783625730994152
0.7610619469026548
0.6470588235294118
0.7676767676767676
0.6666666666666666
0.6694214876033058
0.9333333333333333
0.8251121076233184
0.9474835886214442
0.7706766917293233
0.8640973630831643
0.8580246913580247
0.7747747747747747
1.0
Avg: 0.8154054144733757
