0.5714285714285714
0.803921568627451
0.7877237851662404
1.0
0.868421052631579
0.8907563025210085
1.0
0.55
0.9583333333333334
0.9696969696969697
0.4166666666666667
0.8571428571428571
0.7466666666666667
0.9411764705882353
0.96875
0.9666666666666667
0.8588235294117647
0.9696969696969697
0.8387096774193549
0.9696969696969697
0.7058823529411765
0.5909090909090909
0.8043478260869565
0.7126436781609196
0.8089887640449438
1.0
0.7460106382978723
0.6484257871064468
0.9558823529411765
0.7674418604651163
0.8028169014084507
0.9714285714285714
0.9714285714285714
0.9714285714285714
0.9230769230769231
0.9393939393939394
0.5625
0.6073619631901841
0.6826923076923077
0.9391304347826087
0.9705882352941176
0.96875
0.6662650602409639
0.8054511278195489
0.8052631578947368
0.6756756756756757
1.0
0.7679144385026738
0.7590296495956873
0.8787878787878788
0.6432506887052342
0.8430962343096234
0.7543859649122807
0.7876106194690266
0.680672268907563
0.8080808080808081
0.6875
0.768595041322314
1.0
0.8071748878923767
0.9409190371991247
0.7969924812030075
0.8032454361054767
0.9135802469135802
0.8198198198198198
1.0
Avg: 0.8242229901635859
