0.21428571428571427
0.29411764705882354
0.5626598465473146
0.7142857142857143
0.5
0.5294117647058824
0.6363636363636364
0.55
0.8333333333333334
0.9393939393939394
0.3333333333333333
0.6666666666666666
0.5333333333333333
0.8529411764705882
0.84375
0.9666666666666667
0.6941176470588235
0.9393939393939394
0.45161290322580644
0.9393939393939394
0.38235294117647056
0.4090909090909091
0.4782608695652174
0.4482758620689655
0.4157303370786517
0.8536585365853658
0.5039893617021277
0.34182908545727136
0.7058823529411765
0.4418604651162791
0.528169014084507
0.9714285714285714
0.9714285714285714
0.9714285714285714
0.8205128205128205
0.8787878787878788
0.25271739130434784
0.2198364008179959
0.33653846153846156
0.8521739130434782
0.8529411764705882
0.84375
0.43373493975903615
0.5861528822055138
0.5789473684210527
0.4864864864864865
0.8888888888888888
0.546524064171123
0.4867924528301887
0.8787878787878788
0.2988980716253444
0.608786610878661
0.49122807017543857
0.4690265486725664
0.44537815126050423
0.6161616161616161
0.375
0.5702479338842975
0.8
0.5381165919282511
0.5514223194748359
0.5
0.6105476673427992
0.5925925925925926
0.6936936936936937
1.0
Avg: 0.6139866594300979
