0.42857142857142855
0.45098039215686275
0.6854219948849105
0.7857142857142857
0.7105263157894737
0.8151260504201681
0.8181818181818182
0.55
0.875
0.9696969696969697
0.4166666666666667
0.7619047619047619
0.6311111111111111
0.9411764705882353
0.96875
0.9666666666666667
0.8588235294117647
0.9696969696969697
0.8064516129032258
0.9696969696969697
0.4264705882352941
0.5
0.6086956521739131
0.4482758620689655
0.6179775280898876
0.8780487804878049
0.6502659574468085
0.5749625187406296
0.9264705882352942
0.6666666666666666
0.7018779342723005
0.9714285714285714
0.9714285714285714
0.9714285714285714
0.8717948717948718
0.9393939393939394
0.47554347826086957
0.4938650306748466
0.6153846153846154
0.9043478260869565
0.9411764705882353
0.96875
0.5759036144578313
0.7277568922305765
0.7473684210526316
0.5
0.8888888888888888
0.6491978609625668
0.662533692722372
0.8787878787878788
0.5
0.7761506276150628
0.6549707602339181
0.672566371681416
0.5210084033613446
0.7575757575757576
0.5416666666666666
0.628099173553719
0.9333333333333333
0.7354260089686099
0.811816192560175
0.6729323308270677
0.7667342799188641
0.7654320987654321
0.7567567567567568
1.0
Avg: 0.7368079401192539
