0.5714285714285714
0.803921568627451
0.7928388746803069
1.0
0.8947368421052632
0.8991596638655462
1.0
0.6
1.0
0.9696969696969697
0.4166666666666667
0.8571428571428571
0.7688888888888888
0.9705882352941176
0.96875
0.9666666666666667
0.8588235294117647
0.9696969696969697
0.8548387096774194
0.9696969696969697
0.9117647058823529
0.6818181818181818
0.8478260869565217
0.7126436781609196
0.8089887640449438
1.0
0.7553191489361702
0.6836581709145427
0.9558823529411765
0.7674418604651163
0.8450704225352113
0.9714285714285714
0.9714285714285714
0.9714285714285714
0.9230769230769231
0.9393939393939394
0.6005434782608695
0.6666666666666666
0.6971153846153846
0.9391304347826087
0.9705882352941176
0.96875
0.7301204819277108
0.8446115288220551
0.8052631578947368
0.6891891891891891
1.0
0.8171122994652407
0.8086253369272237
0.9393939393939394
0.6707988980716253
0.8891213389121339
0.8362573099415205
0.8230088495575221
0.6890756302521008
0.8080808080808081
0.6875
0.768595041322314
1.0
0.8295964125560538
0.9474835886214442
0.8233082706766918
0.8397565922920892
0.9320987654320988
0.8738738738738738
1.0
Avg: 0.8450966279664875
