0.35714285714285715
0.4117647058823529
0.5805626598465473
0.6428571428571429
0.5394736842105263
0.6470588235294118
0.8181818181818182
0.55
0.875
0.9696969696969697
0.3333333333333333
0.7619047619047619
0.5644444444444444
0.8529411764705882
0.875
0.9666666666666667
0.7294117647058823
0.9696969696969697
0.46774193548387094
0.9696969696969697
0.38235294117647056
0.4090909090909091
0.5
0.4482758620689655
0.4157303370786517
0.8536585365853658
0.5292553191489362
0.3598200899550225
0.8382352941176471
0.5348837209302325
0.568075117370892
0.9714285714285714
0.9714285714285714
0.9714285714285714
0.8205128205128205
0.8787878787878788
0.33967391304347827
0.21370143149284254
0.3605769230769231
0.8521739130434782
0.8529411764705882
0.875
0.4710843373493976
0.606203007518797
0.6473684210526316
0.4864864864864865
0.6666666666666666
0.597860962566845
0.5024258760107817
0.8787878787878788
0.2988980716253444
0.6213389121338913
0.543859649122807
0.5221238938053098
0.4789915966386555
0.5959595959595959
0.3958333333333333
0.5619834710743802
0.8666666666666667
0.6771300448430493
0.6170678336980306
0.5639097744360902
0.6166328600405679
0.6172839506172839
0.7477477477477478
1.0
Avg: 0.6426048427298512
