0.5
0.5294117647058824
0.731457800511509
0.9285714285714286
0.8026315789473685
0.8487394957983193
0.8181818181818182
0.75
0.875
0.9696969696969697
0.4166666666666667
0.7619047619047619
0.6533333333333333
0.9705882352941176
0.96875
0.9666666666666667
0.8588235294117647
0.9696969696969697
0.8064516129032258
0.9696969696969697
0.6176470588235294
0.5
0.6304347826086957
0.4482758620689655
0.6966292134831461
0.9512195121951219
0.6981382978723404
0.5929535232383808
0.9558823529411765
0.7131782945736435
0.7746478873239436
0.9714285714285714
0.9714285714285714
0.9714285714285714
0.8717948717948718
0.9393939393939394
0.5054347826086957
0.5061349693251533
0.6538461538461539
0.9217391304347826
0.9705882352941176
0.96875
0.5903614457831325
0.8208020050125313
0.8
0.5675675675675675
0.8888888888888888
0.7026737967914438
0.7250673854447439
0.8787878787878788
0.5523415977961432
0.8284518828451883
0.7017543859649122
0.7256637168141593
0.5714285714285714
0.7575757575757576
0.5416666666666666
0.6611570247933884
0.9333333333333333
0.7623318385650224
0.9190371991247265
0.7105263157894737
0.8073022312373225
0.8209876543209876
0.7747747747747747
1.0
Avg: 0.7722685773243446
