0.42857142857142855
0.39215686274509803
0.618925831202046
0.8571428571428571
0.7631578947368421
0.7226890756302521
0.8181818181818182
0.55
0.9166666666666666
0.9696969696969697
0.3333333333333333
0.8095238095238095
0.6088888888888889
0.8529411764705882
0.875
0.9666666666666667
0.7176470588235294
0.9696969696969697
0.46774193548387094
0.9696969696969697
0.5
0.4090909090909091
0.5
0.4367816091954023
0.5674157303370787
0.8536585365853658
0.5598404255319149
0.37631184407796103
0.8970588235294118
0.6046511627906976
0.5492957746478874
0.9714285714285714
0.9714285714285714
0.9714285714285714
0.8205128205128205
0.8787878787878788
0.38858695652173914
0.2085889570552147
0.36538461538461536
0.8521739130434782
0.8529411764705882
0.875
0.46626506024096387
0.6293859649122807
0.6473684210526316
0.4864864864864865
0.6666666666666666
0.613903743315508
0.5223719676549865
0.8787878787878788
0.33746556473829203
0.6589958158995816
0.6608187134502924
0.5309734513274337
0.42857142857142855
0.6161616161616161
0.5208333333333334
0.5537190082644629
0.8666666666666667
0.695067264573991
0.6477024070021882
0.5827067669172933
0.6227180527383367
0.691358024691358
0.7297297297297297
1.0
Avg: 0.6677790468816772
