0.5
0.7843137254901961
0.782608695652174
1.0
0.8289473684210527
0.8403361344537815
0.9090909090909091
0.55
0.9583333333333334
0.9696969696969697
0.4166666666666667
0.8571428571428571
0.7022222222222222
0.9411764705882353
0.96875
0.9666666666666667
0.8588235294117647
0.9696969696969697
0.7903225806451613
0.9696969696969697
0.6911764705882353
0.5454545454545454
0.8043478260869565
0.45977011494252873
0.7696629213483146
0.9512195121951219
0.7021276595744681
0.6199400299850075
0.9264705882352942
0.6744186046511628
0.7488262910798122
0.9714285714285714
0.9714285714285714
0.9714285714285714
0.9230769230769231
0.9393939393939394
0.5543478260869565
0.5521472392638037
0.6778846153846154
0.9217391304347826
0.9411764705882353
0.96875
0.6180722891566265
0.7916666666666666
0.7526315789473684
0.5675675675675675
0.8888888888888888
0.7304812834224599
0.691644204851752
0.8787878787878788
0.6005509641873278
0.8221757322175732
0.7543859649122807
0.7610619469026548
0.5630252100840336
0.797979797979798
0.6875
0.71900826446281
1.0
0.7982062780269058
0.8774617067833698
0.7443609022556391
0.7768762677484787
0.8395061728395061
0.7567567567567568
1.0
Avg: 0.7919591638633133
