0.5714285714285714
0.5294117647058824
0.7416879795396419
0.9285714285714286
0.8552631578947368
0.8907563025210085
0.8181818181818182
0.75
0.9166666666666666
0.9696969696969697
0.4166666666666667
0.7619047619047619
0.7288888888888889
0.9705882352941176
0.96875
0.9666666666666667
0.8588235294117647
0.9696969696969697
0.8064516129032258
0.9696969696969697
0.6323529411764706
0.7272727272727273
0.6739130434782609
0.4482758620689655
0.7359550561797753
0.9512195121951219
0.7154255319148937
0.6274362818590704
0.9558823529411765
0.7596899224806202
0.8028169014084507
0.9714285714285714
0.9714285714285714
0.9714285714285714
0.8717948717948718
0.9393939393939394
0.5163043478260869
0.5603271983640081
0.6682692307692307
0.9217391304347826
0.9705882352941176
0.96875
0.6228915662650603
0.8239348370927319
0.8
0.7432432432432432
0.8888888888888888
0.7433155080213903
0.77088948787062
0.9393939393939394
0.5633608815426997
0.8410041841004184
0.7777777777777778
0.7610619469026548
0.6134453781512605
0.7676767676767676
0.5416666666666666
0.6694214876033058
0.9333333333333333
0.8071748878923767
0.9387308533916849
0.7218045112781954
0.8580121703853956
0.8580246913580247
0.7747747747747747
1.0
Avg: 0.7956260537134279
