0.5
0.45098039215686275
0.680306905370844
0.7857142857142857
0.8026315789473685
0.8235294117647058
0.8181818181818182
0.55
0.8333333333333334
0.9696969696969697
0.4166666666666667
0.8095238095238095
0.6222222222222222
0.9117647058823529
0.9375
0.9666666666666667
0.8470588235294118
0.9696969696969697
0.6612903225806451
0.9696969696969697
0.6176470588235294
0.5
0.6086956521739131
0.4482758620689655
0.6741573033707865
0.9024390243902439
0.6542553191489362
0.5509745127436282
0.9117647058823529
0.7131782945736435
0.7183098591549296
0.9714285714285714
0.9714285714285714
0.9714285714285714
0.8717948717948718
0.9393939393939394
0.4076086956521739
0.5102249488752556
0.5769230769230769
0.9043478260869565
0.9117647058823529
0.9375
0.5397590361445783
0.7302631578947368
0.6578947368421053
0.6351351351351351
0.8888888888888888
0.6556149732620321
0.663611859838275
0.9393939393939394
0.4366391184573003
0.7510460251046025
0.6783625730994152
0.6548672566371682
0.5378151260504201
0.7575757575757576
0.5416666666666666
0.628099173553719
0.9333333333333333
0.7040358744394619
0.8074398249452954
0.6954887218045113
0.7403651115618661
0.7839506172839507
0.7477477477477478
1.0
Avg: 0.7380151193714858
