0.42857142857142855
0.4117647058823529
0.639386189258312
0.7142857142857143
0.631578947368421
0.7226890756302521
0.7272727272727273
0.55
0.8333333333333334
0.9393939393939394
0.4166666666666667
0.7619047619047619
0.6177777777777778
0.9117647058823529
0.9375
0.9666666666666667
0.788235294117647
0.9393939393939394
0.6451612903225806
0.9393939393939394
0.38235294117647056
0.5
0.6086956521739131
0.4482758620689655
0.48314606741573035
0.9024390243902439
0.6050531914893617
0.525487256371814
0.8382352941176471
0.6666666666666666
0.6549295774647887
0.9714285714285714
0.9714285714285714
0.9714285714285714
0.8717948717948718
0.9393939393939394
0.37228260869565216
0.4703476482617587
0.5240384615384616
0.8869565217391304
0.9117647058823529
0.9375
0.5253012048192771
0.6459899749373433
0.6578947368421053
0.5
0.8888888888888888
0.611764705882353
0.6231805929919138
0.8787878787878788
0.3774104683195592
0.7196652719665272
0.6081871345029239
0.584070796460177
0.5210084033613446
0.6363636363636364
0.4791666666666667
0.6198347107438017
0.9333333333333333
0.6816143497757847
0.7439824945295405
0.6240601503759399
0.718052738336714
0.691358024691358
0.7387387387387387
1.0
Avg: 0.6965915455964561
