0.5
0.5098039215686274
0.6930946291560103
1.0
0.881578947368421
0.8403361344537815
0.9090909090909091
0.8
0.9166666666666666
0.9696969696969697
0.6666666666666666
0.8095238095238095
0.6577777777777778
0.9705882352941176
0.96875
0.9666666666666667
0.8588235294117647
0.9696969696969697
0.6935483870967742
0.9696969696969697
0.7205882352941176
0.6363636363636364
0.6521739130434783
0.4482758620689655
0.7584269662921348
0.9024390243902439
0.6688829787234043
0.5877061469265368
0.9264705882352942
0.7131782945736435
0.7582159624413145
0.9714285714285714
0.9714285714285714
0.9714285714285714
0.8717948717948718
0.9393939393939394
0.41304347826086957
0.6687116564417178
0.6153846153846154
0.9043478260869565
0.9705882352941176
0.96875
0.5626506024096386
0.7869674185463659
0.7210526315789474
0.7702702702702703
0.8888888888888888
0.7625668449197861
0.7272237196765499
0.9393939393939394
0.45867768595041325
0.8096234309623431
0.7777777777777778
0.7345132743362832
0.5966386554621849
0.7676767676767676
0.5416666666666666
0.6363636363636364
0.9333333333333333
0.7443946188340808
0.9059080962800875
0.7142857142857143
0.8073022312373225
0.8148148148148148
0.7567567567567568
1.0
Avg: 0.7840875289628946
